3
8984342
99998753
7
999987534566523452351235436457768754548456485656478564456445756423567423564756234762357453234545652344556342455623445542346546546234646523446562344642662344662443665423465642344656234465624346654456423466423566456446562344566423456423456462346523446563446562344654234566423456645623446562344652344662534465623465634465644564456642345664
7
9999999999
8888888888
777777777777
4444444444
666666666
2222222
3
8984342
99998753
7
9999999999
8888888888
777777777777
4444444444
666666666
2222222
3
8984342
99998753
9999999999
8888888888
777777777777
4444444444
666666666
2222222
3
8984342
99998753
7
9999999999
8888888888
777777777777
4444444444
666666666
2222222
3
8984342
99998753
7
9999999999
8888888888
777777777777
4444444444
666666666
2222222
3
8984342
99998753
7
9999999999
8888888888
777777777777
4444444444
666666666
2222222
3
8984342
99998753
7
9999999999
8888888888
777777777777
4444444444
666666666
2222222
3
8984342
99998753
7
9999999999
8888888888
777777777777
4444444444
666666666
2222222
3
8984342
99998753
7
9999999999
777777777777
4444444444
666666666
3
8984342
99998753
7
9999999999
8888888888
4444444444
666666666
2222222
53424556234456